Elements        BubbleSort      CountingSort    MergeSort
50000           7.412916        0.001266        0.007658
100000          30.453700       0.001774        0.016594
150000          69.031755       0.002144        0.025272
200000          119.856632      0.002719        0.034297
250000          190.782727      0.003700        0.046778
300000          277.473295      0.003172        0.053011
350000          368.126366      0.003534        0.062034
400000          480.796367      0.003931        0.071850
450000          608.718365      0.004182        0.081332
500000          752.425461      0.004959        0.091212
550000          911.778321      0.005168        0.100629
600000          1095.285296     0.005486        0.109651
650000          1292.831361     0.006674        0.122229
700000          1474.504899     0.005780        0.125932
750000          1648.849015     0.006109        0.134749
800000          1866.547838     0.006448        0.144593
850000          2107.783289     0.006835        0.154201
900000          2361.263420     0.007273        0.164323
950000          2632.787124     0.007460        0.173327
1000000         2921.881887     0.007767        0.183008