Elements	BubbleSort	QuickSort
256		0.000062	0.000109
383		0.000153	0.000259
510		0.000253	0.000434
637		0.000381	0.000680
764		0.000582	0.000969
891		0.000754	0.001302
1018		0.000988	0.001689
1145		0.001261	0.002145
1272		0.001552	0.002647
1399		0.001864	0.003212
1526		0.002206	0.003795
1653		0.002593	0.004468
1780		0.003027	0.005194
1907		0.003480	0.005901
2034		0.003954	0.006748
2161		0.004457	0.007565
2288		0.004986	0.008496
2415		0.005795	0.009557
2542		0.006332	0.010501
2669		0.006812	0.011664
2796		0.007579	0.012867
2923		0.008116	0.013845
3050		0.008855	0.015153
3177		0.009649	0.016241
3304		0.010541	0.018064
3431		0.011527	0.019519
3558		0.011969	0.020357
3685		0.012839	0.022226
3812		0.013779	0.023531
3939		0.014741	0.025073
4066		0.015750	0.026807
4193		0.016785	0.028512
4320		0.017848	0.030394
4447		0.018924	0.032116
4574		0.020034	0.033844
4701		0.020880	0.035977
4828		0.022163	0.037569
4955		0.023232	0.039970
5082		0.024583	0.041873
5209		0.025909	0.043883
5336		0.027119	0.046995
5463		0.028314	0.048176
5590		0.029582	0.051097
5717		0.031090	0.053752
5844		0.032317	0.054977
5971		0.033801	0.057627
6098		0.035460	0.060964
6225		0.037952	0.065611
6352		0.039860	0.065071
6479		0.039757	0.068825
6606		0.042056	0.070613
6733		0.042817	0.072941
6860		0.044744	0.076162
6987		0.046783	0.078982
7114		0.048816	0.082385
7241		0.049788	0.085168
7368		0.051510	0.087931
7495		0.053517	0.091028
7622		0.055300	0.094216
7749		0.057160	0.096945
7876		0.059283	0.100655
8003		0.060592	0.103593
8130		0.062981	0.106694
8257		0.064975	0.110163
8384		0.067059	0.113830
8511		0.069003	0.116879
8638		0.070804	0.120953
8765		0.073117	0.124183
8892		0.076263	0.127960
9019		0.077484	0.132637
9146		0.079555	0.135004
9273		0.082959	0.139067
9400		0.084384	0.143200
9527		0.086296	0.146937
9654		0.088410	0.150822
9781		0.091021	0.154158
9908		0.093575	0.159452
10035		0.096056	0.162738
10162		0.098728	0.167125
10289		0.101395	0.171072
10416		0.103472	0.175694
10543		0.105504	0.181938
10670		0.108416	0.184076
10797		0.110798	0.188519
10924		0.113654	0.193155
11051		0.115882	0.197060
11178		0.119196	0.201361
11305		0.121988	0.206206
11432		0.125349	0.211518
11559		0.127708	0.215277
11686		0.130128	0.220215
11813		0.132902	0.225295
11940		0.136113	0.230648
12067		0.138761	0.241071
12194		0.141680	0.240322
12321		0.145922	0.247708
12448		0.147305	0.251530
12575		0.152406	0.254006
12702		0.153256	0.261331
12829		0.155951	0.264321
12956		0.161299	0.270908
13083		0.165068	0.275740
13210		0.166514	0.281441
13337		0.169920	0.287789
13464		0.173292	0.291213
13591		0.175245	0.296943
13718		0.179163	0.304695
13845		0.219988	0.307949
13972		0.185879	0.313971
14099		0.189236	0.320038
14226		0.192640	0.326006
14353		0.196031	0.331720
14480		0.199474	0.336872
14607		0.203148	0.343378
14734		0.206518	0.349725
14861		0.210765	0.355291
14988		0.214804	0.362003
15115		0.218109	0.367091
15242		0.221239	0.373255
15369		0.224623	0.380118
15496		0.229639	0.386417
15623		0.235404	0.394151
15750		0.237203	0.398584
15877		0.239931	0.406325
16004		0.243862	0.411705
16131		0.249579	0.417334
16258		0.251253	0.424000
16385		0.255383	0.434076
16512		0.259565	0.437862
16639		0.265385	0.444739
16766		0.267854	0.451650
16893		0.271192	0.456592
17020		0.283793	0.465277
17147		0.280346	0.474490
17274		0.286296	0.478603
17401		0.288102	0.486334
17528		0.305206	0.493278
17655		0.297637	0.505761
17782		0.300218	0.507868
17909		0.307123	0.517113
18036		0.311853	0.522620
18163		0.314307	0.529750
18290		0.318375	0.537473
18417		0.323789	0.545069
18544		0.328522	0.556728
18671		0.332643	0.560927
18798		0.337948	0.568139
18925		0.340816	0.575348
19052		0.345365	0.586549
19179		0.353637	0.631961
19306		0.546686	0.597981
19433		0.357370	0.606007
19560		0.363978	0.619423
19687		0.367836	0.625394
19814		0.373716	0.632896
19941		0.378875	0.651580
20068		0.383445	0.647329
20195		0.395155	0.654820
20322		0.395538	0.674332
20449		0.401742	0.672808
20576		0.402785	0.679940
20703		0.408284	0.687149
20830		0.415307	0.700371
20957		0.418648	0.704548
21084		0.423157	0.715166
21211		0.430060	0.720997
21338		0.433755	0.731344
21465		0.438685	0.743354
21592		0.445640	0.752378
21719		0.450672	0.760096
21846		0.453865	0.767496
21973		0.460057	0.775984
22100		0.463478	0.788299
22227		0.511655	0.794845
22354		0.477766	0.802606
22481		0.479615	0.811699
22608		0.486922	0.840407
22735		0.495051	0.829843
22862		0.496214	0.865071
22989		0.508463	0.849664
23116		0.508990	0.859646
23243		0.515595	0.872934
23370		0.520098	0.874467
23497		0.527943	0.886034
23624		0.543465	0.904705
23751		0.538634	0.904319
23878		0.543924	0.917537
24005		0.548239	0.924902
24132		0.548860	0.928839
24259		0.578089	0.943823
24386		0.567401	0.953633
24513		0.573440	0.964398
24640		0.578230	0.974448
24767		0.599857	0.993401
24894		0.590558	0.996160
25021		0.601514	1.005861
25148		0.604349	1.016694
25275		0.608509	1.026841
25402		0.637315	1.071624
25529		0.618814	1.045839
25656		0.634190	1.062915
25783		0.633197	1.066975
25910		0.638776	1.076908
26037		0.645536	1.107618
26164		0.654166	1.099975
26291		0.658880	1.110780
26418		0.665581	1.120054
26545		0.671081	1.130745
26672		0.670697	1.137723
26799		0.685017	1.147989
26926		0.690078	1.160056
27053		0.697356	1.181126
27180		0.704814	1.200851
27307		0.706621	1.189177
27434		0.711871	1.199710
27561		0.719534	1.217643
27688		0.730093	1.229235
27815		0.746636	1.255180
27942		0.743180	1.255162
28069		0.749348	1.268548
28196		0.758766	1.282807
28323		0.759601	1.282617
28450		0.770529	1.294987
28577		0.777643	1.312916
28704		0.780512	1.332975
28831		0.813901	1.332009
28958		0.797710	1.346626
29085		0.808297	1.357272
29212		0.812776	1.373816
29339		0.815421	1.381521
29466		0.834378	1.395876
29593		0.833866	1.408341
29720		0.863807	1.419984
29847		0.847735	1.430890
29974		0.856946	1.440562
30101		0.870387	1.447586
30228		0.866911	1.458867
30355		0.873188	1.472900
30482		0.883841	1.482358
30609		0.890712	1.497572
30736		0.893109	1.530152
30863		0.901521	1.524775
30990		0.907058	1.531857
31117		0.911381	1.543150
31244		0.927833	1.550838
31371		0.933149	1.577641
31498		0.937342	1.580733
31625		0.941047	1.594873
31752		0.951230	1.606121
31879		0.963783	1.683215
32006		0.968445	1.632941
32133		0.974875	1.641656
32260		0.988277	1.652685
32387		0.993293	1.672018
32514		0.994516	1.686264
32641		1.002989	1.695901
32768		1.030770	1.718265
