Elements	BubbleSort	QuickSort
256		    0.000119	0.000018
383		    0.000275	0.000027
510		    0.000473	0.000037
637		    0.000721	0.000074
764		    0.001026	0.000062
891		    0.001356	0.000070
1018		0.001779	0.000094
1145		0.002202	0.000095
1272		0.002770	0.000108
1399		0.003311	0.000119
1526		0.003966	0.000135
1653		0.004616	0.000141
1780		0.005289	0.000162
1907		0.006090	0.000178
2034		0.006887	0.000182
2161		0.007798	0.000194
2288		0.008841	0.000211
2415		0.009736	0.000217
2542		0.011050	0.000240
2669		0.011985	0.000269
2796		0.013375	0.000256
2923		0.014483	0.000288
3050		0.016009	0.000300
3177		0.017414	0.000296
3304		0.018863	0.000325
3431		0.020653	0.000371
3558		0.022283	0.000355
3685		0.023814	0.000356
3812		0.025656	0.000397
3939		0.027686	0.000400
4066		0.029549	0.000411
4193		0.031795	0.000429
4320		0.033437	0.000429
4447		0.035908	0.000432
4574		0.038137	0.000454
4701		0.040355	0.000482
4828		0.041936	0.000508
4955		0.046734	0.000491
5082		0.048740	0.000515
5209		0.050804	0.000520
5336		0.052982	0.000555
5463		0.056735	0.000566
5590		0.059274	0.000583
5717		0.062209	0.000574
5844		0.065427	0.000602
5971		0.067973	0.000625
6098		0.071079	0.000630
6225		0.074627	0.000644
6352		0.077906	0.000673
6479		0.081674	0.000702
6606		0.085675	0.000696
6733		0.088664	0.000726
6860		0.092940	0.000736
6987		0.095203	0.000730
7114		0.103412	0.000749
7241		0.104296	0.000800
7368		0.109016	0.000788
7495		0.117223	0.000771
7622		0.118284	0.000854
7749		0.128939	0.000838
7876		0.126061	0.000860
8003		0.129343	0.000856
8130		0.135402	0.000890
8257		0.139485	0.000912
8384		0.143791	0.001101
8511		0.147351	0.000906
8638		0.153141	0.000931
8765		0.159387	0.000969
8892		0.163394	0.000964
9019		0.169013	0.000995
9146		0.173666	0.001016
9273		0.177216	0.001032
9400		0.183547	0.001025
9527		0.190718	0.001036
9654		0.193596	0.001089
9781		0.201791	0.001103
9908		0.204775	0.001085
10035		0.211633	0.001133
10162		0.217392	0.001091
10289		0.225219	0.001120
10416		0.229754	0.001132
10543		0.234801	0.001172
10670		0.240959	0.001163
10797		0.247755	0.001191
10924		0.253697	0.001278
11051		0.259744	0.001213
11178		0.262773	0.001269
11305		0.272889	0.001289
11432		0.277481	0.001290
11559		0.285923	0.001294
11686		0.294836	0.001269
11813		0.302263	0.001328
11940		0.308088	0.001346
12067		0.315637	0.001371
12194		0.321239	0.001380
12321		0.327360	0.001385
12448		0.336320	0.001374
12575		0.343792	0.001428
12702		0.348021	0.001473
12829		0.359788	0.001446
12956		0.362575	0.001444
13083		0.371744	0.001483
13210		0.380663	0.001475
13337		0.387604	0.001514
13464		0.395247	0.001557
13591		0.405560	0.001537
13718		0.414874	0.001629
13845		0.424056	0.001542
13972		0.437596	0.001541
14099		0.447340	0.001586
14226		0.446948	0.001639
14353		0.454683	0.001664
14480		0.462292	0.001707
14607		0.471839	0.001680
14734		0.483120	0.001708
14861		0.489465	0.001696
14988		0.500812	0.001726
15115		0.505846	0.001764
15242		0.520058	0.001776
15369		0.525944	0.001732
15496		0.532908	0.001773
15623		0.543935	0.001809
15750		0.553065	0.001824
15877		0.563641	0.001829
16004		0.569993	0.001821
16131		0.582571	0.001895
16258		0.588370	0.001991
16385		0.600325	0.001928
16512		0.611033	0.001933
16639		0.620863	0.001889
16766		0.635164	0.001974
16893		0.640071	0.001920
17020		0.650471	0.001938
17147		0.661191	0.002004
17274		0.671539	0.002020
17401		0.680235	0.002016
17528		0.690867	0.002053
17655		0.702165	0.002103
17782		0.714772	0.002053
17909		0.724658	0.002099
18036		0.744073	0.002136
18163		0.750334	0.002106
18290		0.794205	0.002129
18417		0.768101	0.002146
18544		0.809574	0.002210
18671		0.792213	0.002161
18798		0.800414	0.002269
18925		0.814252	0.002202
19052		0.824325	0.002191
19179		0.847042	0.002226
19306		0.844417	0.002214
19433		0.860817	0.002288
19560		0.869956	0.002278
19687		0.878906	0.002458
19814		0.890738	0.002332
19941		0.903991	0.002331
20068		0.921102	0.002379
20195		0.934705	0.002411
20322		0.952386	0.002396
20449		0.989110	0.002366
20576		0.967165	0.002473
20703		0.979128	0.002466
20830		0.999324	0.002524
20957		1.022885	0.002486
21084		1.041319	0.002635
21211		1.054587	0.002595
21338		1.053794	0.002549
21465		1.072638	0.002491
21592		1.076278	0.002541
21719		1.089602	0.002567
21846		1.106693	0.002587
21973		1.110713	0.002591
22100		1.124827	0.002626
22227		1.135973	0.002621
22354		1.174175	0.002678
22481		1.200960	0.002642
22608		1.181737	0.002669
22735		1.203710	0.002663
22862		1.218563	0.002673
22989		1.218163	0.002717
23116		1.238453	0.002743
23243		1.248246	0.002797
23370		1.281544	0.002840
23497		1.291836	0.003182
23624		1.298565	0.003000
23751		1.317249	0.002855
23878		1.318027	0.002875
24005		1.345005	0.002860
24132		1.354777	0.003007
24259		1.365137	0.002881
24386		1.380420	0.002852
24513		1.390175	0.002976
24640		1.411897	0.002965
24767		1.420757	0.002978
24894		1.433239	0.003005
25021		1.457726	0.002957
25148		1.485866	0.003437
25275		1.522965	0.003112
25402		1.501980	0.003091
25529		1.523376	0.003027
25656		1.532390	0.003088
25783		1.560795	0.003732
25910		1.573816	0.003139
26037		1.580334	0.003115
26164		1.615536	0.003196
26291		1.612256	0.003167
26418		1.625072	0.003220
26545		1.646156	0.003144
26672		1.664183	0.003389
26799		1.675849	0.003243
26926		1.713681	0.003223
27053		1.707817	0.003346
27180		1.733701	0.003734
27307		1.750818	0.003398
27434		1.762452	0.003253
27561		1.781210	0.003406
27688		1.800047	0.003395
27815		1.827173	0.003396
27942		1.829370	0.003342
28069		1.846266	0.003371
28196		1.858207	0.003373
28323		1.901696	0.003489
28450		1.900100	0.003433
28577		1.916243	0.003555
28704		1.932582	0.003550
28831		1.945768	0.003537
28958		1.969155	0.003482
29085		1.986768	0.003443
29212		2.007992	0.003460
29339		2.045733	0.003642
29466		2.041614	0.003605
29593		2.054266	0.003617
29720		2.093359	0.003644
29847		2.101452	0.003580
29974		2.117047	0.003711
30101		2.150575	0.003622
30228		2.143439	0.003683
30355		2.175651	0.003656
30482		2.175288	0.003769
30609		2.221166	0.003848
30736		2.240140	0.003851
30863		2.242895	0.003886
30990		2.265939	0.003702
31117		2.292903	0.003887
31244		2.299302	0.003932
31371		2.319450	0.003879
31498		2.342810	0.003795
31625		2.351485	0.003954
31752		2.372464	0.003984
31879		2.398371	0.003837
32006		2.413753	0.003900
32133		2.436756	0.003927
32260		2.468098	0.004050
32387		2.481651	0.003895
32514		2.517652	0.003964
32641		2.510514	0.004045
32768		2.546799	0.004129
