10000                   4.76837e-07                     205                     2.38419e-07                     231
20000                   9.53674e-07                     1032                    2.38419e-07                     975
30000                   7.15256e-07                     2195                    2.38419e-07                     2225
40000                   4.76837e-07                     3875                    2.38419e-07                     3836
50000                   9.53674e-07                     5841                    2.38419e-07                     5735
60000                   7.15256e-07                     8219                    2.38419e-07                     8091
70000                   7.15256e-07                     11007                   2.38419e-07                     10864
80000                   7.15256e-07                     13954                   4.76837e-07                     14247
90000                   4.76837e-07                     17173                   2.38419e-07                     17852
100000                  9.53674e-07                     20931                   4.76837e-07                     21697
110000                  1.66893e-06                     25044                   2.38419e-07                     25825
120000                  1.19209e-06                     29391                   2.38419e-07                     30227
130000                  7.15256e-07                     34010                   4.76837e-07                     34912
140000                  7.15256e-07                     38832                   2.38419e-07                     39974
150000                  7.15256e-07                     43792                   2.38419e-07                     45193
160000                  9.53674e-07                     49096                   4.76837e-07                     50661
170000                  7.15256e-07                     54637                   7.15256e-07                     56278
180000                  9.53674e-07                     60473                   4.76837e-07                     62287
190000                  7.15256e-07                     66381                   4.76837e-07                     68382
200000                  4.76837e-07                     72525                   7.15256e-07                     74590