10000			2.38419e-07			205			    2.38419e-07         364
20000			7.15256e-07			1032			4.76837e-07			1389
30000			4.76837e-07			2195			2.38419e-07			3174
40000			1.19209e-06			3875			2.38419e-07			5312
50000			7.15256e-07			5841			4.76837e-07		    8081
60000			4.76837e-07			8219			2.38419e-07			11352
70000			7.15256e-07			11007			2.38419e-07			15044
80000			4.76837e-07			13954			2.38419e-07			18619
90000			9.53674e-07			17173			2.38419e-07			22904
100000			4.76837e-07			20931			4.76837e-07			27778
110000			9.53674e-07			25044			9.29832e-06			32554
120000			9.53674e-07			29391			2.38419e-07			37317
130000			7.15256e-07			34010			2.38419e-07			43032
140000			7.15256e-07			38832			2.38419e-07			49030
150000			7.15256e-07			43792			4.76837e-07			54086
160000			4.76837e-07			49096			4.76837e-07			60302
170000			7.15256e-07			54637			9.53674e-07			66936
180000			7.15256e-07			60473			2.38419e-07			72407
190000			7.15256e-07			66381			4.76837e-07			78574
200000			9.53674e-07			72525			2.38419e-07			85368
