10000                   2.38419e-07                     205                     2.38419e-07                     442
20000                   2.38419e-07                     1032                    4.76837e-07                     1832
30000                   4.76837e-07                     2195                    2.38419e-07                     4031
40000                   7.15256e-07                     3875                    2.38419e-07                     6954
50000                   4.76837e-07                     5841                    2.38419e-07                     10489
60000                   2.38419e-07                     8219                    2.38419e-07                     14844
70000                   7.15256e-07                     11007                   4.76837e-07                     19257
80000                   4.76837e-07                     13954                   2.38419e-07                     24518
90000                   4.76837e-07                     17173                   2.38419e-07                     30283
100000                  9.53674e-07                     20931                   4.76837e-07                     36506
110000                  7.15256e-07                     25044                   4.76837e-07                     43148
120000                  7.15256e-07                     29391                   2.38419e-07                     50209
130000                  4.76837e-07                     34010                   7.15256e-07                     57493
140000                  4.76837e-07                     38832                   2.38419e-07                     64857
150000                  7.15256e-07                     43792                   4.76837e-07                     72567
160000                  4.76837e-07                     49096                   2.38419e-07                     80358
170000                  7.15256e-07                     54637                   2.38419e-07                     88436
180000                  4.76837e-07                     60473                   4.76837e-07                     96697
190000                  4.76837e-07                     66381                   7.15256e-07                     104996
200000                  7.15256e-07                     72525                   7.15256e-07                     113539